1                         -1.7235199417067224      4.825993792819483E-12
1                         -1.758079948993382       4.933157334991416E-12
1                         -1.7926399562800417      5.00974303936919E-12
1                         -1.8271999635667016      5.086328743746564E-12
1                         -1.8617599708533612      5.16291444812395E-12
1                         -1.8963199781400208      5.2395001525013264E-12
1                         -1.9308799854266807      5.3160858568787E-12
1                         -1.9654399927133404      5.3926715612559325E-12
1                         -2                       5.68197417484206E-12
1                         -1.386468509681967       4.462845480501014E-12
1                         -1.4285999386850616      4.516280090425391E-12
1                         -1.4707313676881562      4.556156642511271E-12
1                         -1.5128627966912502      4.596033194596664E-12
1                         -1.5549942256943448      4.635909746682286E-12
1                         -1.5971256546974393      4.675786298768014E-12
1                         -1.6392570837005334      4.715662850853716E-12
1                         -1.6813885127036279      4.755539402939194E-12
1                         -1.0008081356072585      4.2541092514919676E-12
1                         -1.049015682366597       4.284303390559801E-12
1                         -1.0972232291259356      4.307872538003311E-12
1                         -1.1454307758852742      4.331441685446601E-12
1                         -1.1936383226446128      4.355010832889561E-12
1                         -1.2418458694039514      4.378579980332993E-12
1                         -1.29005341616329        4.402149127775804E-12
1                         -1.3382609629226285      4.425718275219239E-12
1                         -0.6004857150207457      4.1412162676998095E-12
1                         -0.6505260175940597      4.157106713783108E-12
1                         -0.7005663201673739      4.170017791795156E-12
1                         -0.750606622740688       4.182928869807006E-12
1                         -0.8006469253140021      4.195839947818817E-12
1                         -0.8506872278873161      4.20875102583104E-12
1                         -0.9007275304606303      4.221662103843106E-12
1                         -0.9507678330339444      4.234573181855012E-12
1                         -0.2001619050069161      4.091868449501708E-12
1                         -0.2502023812586448      4.0983696744460005E-12
1                         -0.3002428575103735      4.104064992329285E-12
1                         -0.3502833337621022      4.109760310212271E-12
1                         -0.4003238100138309      4.11545562809554E-12
1                         -0.4503642862655596      4.121150945978685E-12
1                         -0.5004047625172883      4.126846263862132E-12
1                         -0.550445238769017       4.132541581745406E-12
1                         0.20016190500691333      4.0916365262372224E-12
1                         0.15012142875518464      4.090615710316008E-12
1                         0.10008095250345597      4.090679543477045E-12
1                         0.050040476251727306     4.090743376637502E-12
1                         -1.3877787807814457E-15  4.090807209798076E-12
1                         -0.05004047625173007     4.090871042958994E-12
1                         -0.10008095250345875     4.09093487611942E-12
1                         -0.1501214287551874      4.090998709280185E-12
1                         0.600485715020743        4.140428920979569E-12
1                         0.5504452387690143       4.131529100250301E-12
1                         0.5004047625172856       4.125985110974206E-12
1                         0.45036428626555686      4.120441121698497E-12
1                         0.40032381001382816      4.114897132422664E-12
1                         0.35028333376209947      4.1093531431469636E-12
1                         0.3002428575103707       4.103809153870971E-12
1                         0.250202381258642        4.098265164594953E-12
1                         1.0008081356072553       4.252009478113242E-12
1                         0.9507678330339413       4.231946760737855E-12
1                         0.9007275304606273       4.219352188123128E-12
1                         0.8506872278873132       4.206757615507812E-12
1                         0.8006469253139992       4.194163042892896E-12
1                         0.7506066227406851       4.181568470277996E-12
1                         0.7005663201673711       4.168973897663041E-12
1                         0.650526017594057        4.1563793250481555E-12
1                         1.3864685096819653       4.465714493972049E-12
1                         1.3382609629226265       4.423204376531818E-12
1                         1.290053416163288        4.399814840295183E-12
1                         1.241845869403949        4.376425304058258E-12
1                         1.1936383226446103       4.3530357678213245E-12
1                         1.1454307758852718       4.3296462315844446E-12
1                         1.097223229125933        4.306256695347772E-12
1                         1.0490156823665941       4.282867159110608E-12
1                         1.723519941706721        4.833799051968428E-12
1                         1.6813885127036265       4.768239821575955E-12
1                         1.639257083700532        4.7277534292329755E-12
1                         1.5971256546974377       4.687267036890343E-12
1                         1.5549942256943432       4.646780644547207E-12
1                         1.5128627966912487       4.606294252204716E-12
1                         1.4707313676881544       4.5658078598614375E-12
1                         1.4285999386850599       4.5253214675181594E-12
1                         2                        5.607195866917359E-12
1                         1.9654399927133401       5.331169946757484E-12
1                         1.9308799854266803       5.263698795794473E-12
1                         1.8963199781400204       5.196227644831779E-12
1                         1.8617599708533605       5.128756493869069E-12
1                         1.8271999635667007       5.061285342906209E-12
1                         1.7926399562800408       4.993814191943279E-12
1                         1.758079948993381        4.926343040980825E-12
0.43844830236616694       -2.8987564109102237      7.501654296165037E-12
0.41282136818098786       -2.9107521283025197      7.472777477079103E-12
0.38709959982421505       -2.9219722887711406      7.478960025085858E-12
0.3612829972958487        -2.9324168923160854      7.491171000306183E-12
0.3353715605958886        -2.942085938937355       7.509713025850072E-12
0.30936528972433486       -2.950979428634949       7.534885695445545E-12
0.2832641846811874        -2.959097361408868       7.566985713010872E-12
0.25706824546644635       -2.966439737259111       7.606307141315123E-12
0.23077747208011162       -2.9730065561856787      7.574089950699473E-12
0.2012482477329795        -2.9794419191180586      7.500225366379536E-12
0.17191389205359542       -2.985002658491698       7.512678818498738E-12
0.1427744050419594        -2.989688774306598       7.533002091228113E-12
0.11382978669807144       -2.9935002665627586      7.561817995928357E-12
0.08508003702193151       -2.9964371352601784      7.599771988174018E-12
0.05652515601353963       -2.998499380398859       7.647536254999136E-12
0.02816514367289579       -2.9996870019787996      7.705814545833174E-12
0                         -3                       7.775347848618596E-12
0.6248102570811431        -2.780776627881621       7.395325631269131E-12
0.6026914543312767        -2.797937720406199       7.381840777167039E-12
0.5802365254129802        -2.814409207317633       7.385645121482691E-12
0.5574454703262535        -2.8301910886159245      7.39502558911027E-12
0.5343182890710965        -2.8452833643010713      7.410147280398837E-12
0.5108549816475094        -2.859686034373075       7.431165253214666E-12
0.48705554805549206       -2.8733990988319347      7.458224219457254E-12
0.46291998829504455       -2.886422557677651       7.491458311875468E-12
0.780776627888296         -2.624810257072802       7.243822750276846E-12
0.7631679172211092        -2.6461931391075812      7.285125137168597E-12
0.7450200392157202        -2.6670368538041673      7.286016370372432E-12
0.7263329938721291        -2.6873414011625596      7.292357436229254E-12
0.7071067811903361        -2.707106781182759       7.304201347615694E-12
0.6873414011703409        -2.726332993864765       7.321588279859147E-12
0.6670368538121438        -2.7450200392085766      7.344545407086546E-12
0.6461931391157445        -2.7631679172141954      7.373086813003823E-12
0.898756410908621         -2.438448302369452       7.040034723706996E-12
0.8864225576767765        -2.4629199882967114      7.0953802293615155E-12
0.8733990988318759        -2.487055548055588       7.0931486659985616E-12
0.8596860343739194        -2.5108549816460815      7.09667183273001E-12
0.8452833643029068        -2.5343182890681915      7.10588742400164E-12
0.8301910886188382        -2.5574454703219187      7.1207217138148825E-12
0.8144092073217135        -2.580236525407263       7.141089490222043E-12
0.7979377204115328        -2.6026914543242237      7.166894067667012E-12
0.9730065561857841        -2.2307774720796645      6.537408347265897E-12
0.9664397372591028        -2.2570682454664843      6.6085780202809946E-12
0.9590973614087175        -2.283264184681706       6.645430893316601E-12
0.9509794286346281        -2.3093652897253274      6.687643329227391E-12
0.9420859389368349        -2.3353715605973506      6.735160658799938E-12
0.9324168923153375        -2.3612829972977742      6.787913071405798E-12
0.921972288770136         -2.3870995998265996      6.845815410668585E-12
0.9107521283012305        -2.412821368183825       6.908767056373001E-12
0.9996870019788004        -2.028165143672841       5.951559922963706E-12
0.9984993803988645        -2.0565251560134303      6.013905661001044E-12
0.9964371352601922        -2.0850800370217675      6.0816631179739856E-12
0.9935002665627835        -2.1138297866978517      6.154743920888598E-12
0.9896887743066383        -2.1427744050416835      6.233035921297642E-12
0.9850026584917566        -2.1719138920532632      6.316402730412781E-12
0.9794419191181386        -2.2012482477325896      6.404683386887723E-12
0.9730065561844775        2.230777472085173        6.566572760956731E-12
0.9794419191171455        2.2012482477373903       6.391813009578784E-12
0.9850026584910339        2.1719138920573604       6.2935373823023666E-12
0.9896887743061433        2.142774405045084        6.20039713700518E-12
0.9935002665624731        2.1138297867005607       6.112532367275398E-12
0.9964371352600239        2.0850800370237907       6.030057689288752E-12
0.9984993803987952        2.056525156014774        5.953062789686618E-12
0.9996870019787872        2.0281651436735104       5.8816131078045175E-12
0.8987564109002596        2.4384483023865915       6.930984547520733E-12
0.91075212829407          2.4128213681996002       6.857454489202999E-12
0.9219722887640855        2.387099599840985        6.81065833233136E-12
0.9324168923103056        2.361282997310745        6.768811109163446E-12
0.9420859389327304        2.33537156060888         6.7320486184038394E-12
0.95097942863136          2.3093652897353905       6.700493080915642E-12
0.9590973614061945        2.283264184690276        6.674253146900235E-12
0.9664397372572336        2.257068245473537        6.653423988252262E-12
0                         3                        7.782091573885378E-12
0.02816514367357749       2.999687001978786        7.713982056654865E-12
0.05652515601490886       2.9984993803987883       7.657038248432377E-12
0.08508003702399408       2.996437135260007        7.610531411257338E-12
0.11382978670083317       2.993500266562442        7.573768356418069E-12
0.14277440504542613       2.989688774306093        7.546085987527792E-12
0.17191389205777297       2.985002658490961        7.526846655109245E-12
0.20124824773787364       2.979441919117045        7.515434227116722E-12
0.2307774720857282        2.973006556184346        7.58926716535028E-12
0.25706824547262613       2.9664397372574696       7.616248003342552E-12
0.2832641846879164        2.9590973614068834       7.573004628055324E-12
0.3093652897315992        2.9509794286325883       7.537236092923095E-12
0.33537156060367435       2.942085938934584        7.508625386430642E-12
0.361282997304142         2.9324168923128706       7.486855221372536E-12
0.3870995998330019        2.9219722887674475       7.471607584797584E-12
0.41282136819025433       2.9107521282983164       7.46256341404952E-12
0.4384483023758992        2.898756410905475        7.50051200460582E-12
0.7807766278906897        2.624810257069811        7.209376112754836E-12
0.7979377204120678        2.602691454323533        7.1979615264530585E-12
0.8144092073205368        2.5802365254089334       7.146184095836552E-12
0.8301910886160966        2.5574454703260137       7.099968377865852E-12
0.8452833642987474        2.5343182890747715       7.0593446986697344E-12
0.8596860343684891        2.510854981655209        7.024330209184082E-12
0.8733990988253216        2.4870555480673238       6.994929006274587E-12
0.8864225576692452        2.4629199883111186       6.97113232666075E-12
0.462919988303343         2.886422557673312        7.491720920962157E-12
0.487055548062388         2.873399098828083        7.448619182336002E-12
0.510854981653034         2.859686034369787        7.412151309301806E-12
0.5343182890752812        2.845283364298425        7.382144712002115E-12
0.5574454703291295        2.8301910886139963       7.358419340426777E-12
0.5802365254145789        2.8144092073165012       7.340787796378939E-12
0.6026914543316294        2.7979377204059395       7.32905551636326E-12
0.624810257080281         2.7807766278823114       7.378429764554039E-12
0.6461931391153773        2.763167917214506        7.378473736698891E-12
0.6670368538122463        2.745020039208484        7.32942834522015E-12
0.6873414011708884        2.726332993864246        7.286636691690638E-12
0.707106781191303         2.7071067811817917       7.25002316473861E-12
0.7263329938734905        2.6873414011611207       7.219502255911458E-12
0.7450200392174506        2.6670368538022338       7.194978700514055E-12
0.7631679172231839        2.6461931391051303       7.1763476827474694E-12
