0.38540134996369824       -1.6886283781359823      4.782014703983658E-12
0.33609752877060506       -1.6989759371430027      4.779806541581594E-12
0.2871161797054065        -1.7079178517706206      4.775995550802025E-12
0.2384573027681024        -1.7154541220188357      4.775493060960236E-12
0.19012089795869286       -1.721584747887649       4.778540264901083E-12
0.14210696527717784       -1.7263097293770593      4.785373860216621E-12
0.09441550472355738       -1.729629066487068       4.796225932461942E-12
0.04704651629783142       -1.7315427592176738      4.811323917355737E-12
0                         -1.7320508075688772      4.830890640011362E-12
0.7515086305440939        -1.5605238794128529      4.7817005970533464E-12
0.7062889334400774        -1.5813942697871157      4.786944564251536E-12
0.660913889773623         -1.600876852151701       4.77561681239992E-12
0.6153834995447305        -1.6189716265066083      4.767371459912949E-12
0.5696977627534           -1.6356785928518385      4.762360008223555E-12
0.5238566793996315        -1.6509977511873908      4.7607245709436304E-12
0.4778602494834251        -1.6649291015132657      4.762597574340379E-12
0.43170847300478066       -1.677472643829463       4.76810152817669E-12
1.0799157510753286        -1.3541720609211403      4.7739230949410285E-12
1.040943734469077         -1.3842867922973185      4.782972453912583E-12
1.0013777540170679        -1.41316702251215        4.769300782815048E-12
0.9612178097193005        -1.4408127515656346      4.75908728780713E-12
0.9204639015757753        -1.4672239794577722      4.752407569801721E-12
0.8791160295864919        -1.4924007061885627      4.7493278193172606E-12
0.8371741937514506        -1.5163429317580064      4.7499046957924E-12
0.7946383940706512        -1.5390506561661033      4.754185265548868E-12
1.3541720609211403        -1.0799157510753288      4.7635194608175635E-12
1.3232591945500065        -1.117566962165648       4.777288069460898E-12
1.2913837075047034        -1.1542555525817977      4.761591426570204E-12
1.258545599785231         -1.189981522323778       4.749744930075787E-12
1.2247448713915892        -1.2247448713915892      4.7417444312420585E-12
1.1899815223237782        -1.258545599785231       4.7375774585691156E-12
1.1542555525817975        -1.2913837075047034      4.737223228601269E-12
1.1175669621656477        -1.3232591945500065      4.740652707188235E-12
1.5605238794128529        -0.7515086305440942      4.7472356105745786E-12
1.5390506561661033        -0.7946383940706516      4.762038236735399E-12
1.5163429317580062        -0.8371741937514511      4.745215945570935E-12
1.4924007061885627        -0.8791160295864924      4.732642563133809E-12
1.467223979457772         -0.9204639015757757      4.724229714126493E-12
1.4408127515656344        -0.961217809719301       4.71988307891777E-12
1.41316702251215          -1.0013777540170683      4.719502380245943E-12
1.3842867922973185        -1.0409437344690775      4.722981424530947E-12
1.688628378135982         -0.385401349963699       4.708738252506609E-12
1.6774726438294627        -0.4317084730047813      4.7344179328448205E-12
1.6649291015132655        -0.4778602494834256      4.718181459927961E-12
1.6509977511873908        -0.523856679399632       4.70654976444185E-12
1.6356785928518385        -0.5696977627534003      4.699348902396657E-12
1.6189716265066085        -0.6153834995447308      4.696402342011978E-12
1.600876852151701         -0.6609138897736232      4.697530695545832E-12
1.5813942697871157        -0.7062889334400777      4.7025515343727626E-12
1.7320508075688772        0                        4.657736100759915E-12
1.7315427592176738        -0.0470465162978315      4.6862597603511965E-12
1.729629066487068         -0.09441550472355753     4.668494235493861E-12
1.7263097293770593        -0.14210696527717812     4.655982183623859E-12
1.721584747887649         -0.19012089795869322     4.64842732520509E-12
1.7154541220188357        -0.23845730276810287     4.645539649994859E-12
1.7079178517706204        -0.28711617970540704     4.647034008189293E-12
1.6989759371430024        -0.3360975287706058      4.652628923685422E-12
0.9730065561844775        2.230777472085173        5.442024931204841E-12
0.9794419191171455        2.2012482477373903       5.240679566711232E-12
0.9850026584910339        2.1719138920573604       5.136543415897168E-12
0.9896887743061433        2.142774405045084        5.0366870668714075E-12
0.9935002665624731        2.1138297867005607       4.941170331299109E-12
0.9964371352600239        2.0850800370237907       4.850027335259403E-12
0.9984993803987952        2.056525156014774        4.763267151479414E-12
0.9996870019787872        2.0281651436735104       4.680874544757943E-12
1                         2                        4.613494957542023E-12
0.8987564109002596        2.4384483023865915       5.948241785934945E-12
0.91075212829407          2.4128213681996002       5.849746265718375E-12
0.9219722887640855        2.387099599840985        5.792310652277801E-12
0.9324168923103056        2.361282997310745        5.738941874079865E-12
0.9420859389327304        2.33537156060888         5.689710233745055E-12
0.95097942863136          2.3093652897353905       5.644671141254557E-12
0.9590973614061945        2.283264184690276        5.603865113899332E-12
0.9664397372572336        2.257068245473537        5.56731784604227E-12
0                         3                        7.003861824892041E-12
0.02816514367357749       2.999687001978786        6.939266930607166E-12
0.05652515601490886       2.9984993803987883       6.884950229461091E-12
0.08508003702399408       2.996437135260007        6.840226107405402E-12
0.11382978670083317       2.993500266562442        6.804444961664335E-12
0.14277440504542613       2.989688774306093        6.776987757101883E-12
0.17191389205777297       2.985002658490961        6.757261395363633E-12
0.20124824773787364       2.979441919117045        6.744694796294477E-12
0.2307774720857282        2.973006556184346        6.812228388303331E-12
0.25706824547262613       2.9664397372574696       6.8352604974303166E-12
0.2832641846879164        2.9590973614068834       6.791968475116059E-12
0.3093652897315992        2.9509794286325883       6.7555399168821966E-12
0.33537156060367435       2.942085938934584        6.7256717043440066E-12
0.361282997304142         2.9324168923128706       6.70206214742485E-12
0.3870995998330019        2.9219722887674475       6.6844104744892496E-12
0.41282136819025433       2.9107521282983164       6.6724164452816216E-12
0.4384483023758992        2.898756410905475        6.702718150171383E-12
0.7807766278906897        2.624810257069811        6.302021780828365E-12
0.7979377204120678        2.602691454323533        6.2657014286611214E-12
0.8144092073205368        2.5802365254089334       6.211137891529501E-12
0.8301910886160966        2.5574454703260137       6.16141940734422E-12
0.8452833642987474        2.5343182890747715       6.116552762610636E-12
0.8596860343684891        2.510854981655209        6.0765326035868846E-12
0.8733990988253216        2.4870555480673238       6.041341632813464E-12
0.8864225576692452        2.4629199883111186       6.010950870644124E-12
0.462919988303343         2.886422557673312        6.689164212338302E-12
0.487055548062388         2.873399098828083        6.644841840534089E-12
0.510854981653034         2.859686034369787        6.606525503875119E-12
0.5343182890752812        2.845283364298425        6.574045570920311E-12
0.5574454703291295        2.8301910886139963       6.547226437925778E-12
0.5802365254145789        2.8144092073165012       6.525886651398088E-12
0.6026914543316294        2.7979377204059395       6.509839092637832E-12
0.624810257080281         2.7807766278823114       6.5397916772544316E-12
0.6461931391153773        2.763167917214506        6.523622999656284E-12
0.6670368538122463        2.745020039208484        6.472258992806322E-12
0.6873414011708884        2.726332993864246        6.426522606647593E-12
0.707106781191303         2.7071067811817917       6.386327783097352E-12
0.7263329938734905        2.6873414011611207       6.351580043893328E-12
0.7450200392174506        2.6670368538022338       6.322176679791306E-12
0.7631679172231839        2.6461931391051303       6.298006994110314E-12
0.9659263335234711        1.7411828479294618       2.897826044438465E-12
0.9571822813453561        1.7102936814719016       2.5317719885105358E-12
0.947368639441737         1.6796163180047352       2.2580194644219556E-12
0.9364854078126139        1.649150757527962        1.9800593115776007E-12
0.9245325864579869        1.6188970000415825       1.696740567608914E-12
0.9115101753778558        1.5888550455455968       1.4068902870315868E-12
0.8974181745722207        1.5590248940400042       1.109319136502025E-12
0.8822565840410816        1.5294065455248051       8.028273407040312E-13
0.8660254037844386        1.5                      4.0408733886531494E-13
0.9996162908622995        1.9684246234187293       4.37452659491924E-12
0.9981252962469231        1.9366273132867304       4.141373618318874E-12
0.9955270161538711        1.9046080696040049       3.922785487812076E-12
0.9918214505831427        1.872366892370551        3.7170238290234425E-12
0.9870085995347387        1.83990378158637         3.5225246562880926E-12
0.9810884630086587        1.8072187372514614       3.3378799727005327E-12
0.9740610410049029        1.7743117593658253       3.1618222703287217E-12
1.6854721118107536        0.39897839579129896      4.5139821434079575E-12
1.6965764411616568        0.3479274498613079       4.553249454254998E-12
1.706171629832235         0.2972132600616251       4.552236037569266E-12
1.7142576778224876        0.24683582639225046      4.553651484964624E-12
1.7208345851324156        0.196795148853184        4.557754645191643E-12
1.7259023517620187        0.14709122744442574      4.5647952558662984E-12
1.7294609777112966        0.09772406216597562      4.575013276651726E-12
1.7315104629802494        0.04869365301783372      4.588638329480941E-12
0.8958793924529814        1.4823761148248817       5.897644427368946E-13
0.9253880095550944        1.4641394671711343       8.57654635507542E-13
0.9545512550907772        1.4452900570387572       1.1259627835016924E-12
0.9833691290600304        1.425827884427751        1.3950144347452445E-12
1.0118416314628538        1.4057529493381156       1.665131562007724E-12
1.0399687622992473        1.3850652517698507       1.9366318922217197E-12
1.0677505215692107        1.3637647917229565       2.2098282414353347E-12
1.0951869092727444        1.341851569197433        2.612137053120125E-12
1.5482394636238688        0.7765014895527723       4.279827219766685E-12
1.570585911240192         0.7299874900784693       4.3448278774205225E-12
1.59144882554424          0.6832802371053431       4.354377296422093E-12
1.6108282065360133        0.6363797306333937       4.366452638615114E-12
1.6287240542155113        0.5892859706626211       4.381258439995543E-12
1.6451363685827345        0.5419989571930254       4.398989944344646E-12
1.6600651496376826        0.49451869022460637      4.419832502859947E-12
1.6735103973803556        0.44684516975736427      4.443961061547145E-12
1.1279257923086403        1.3144456179969872       2.8555750597908694E-12
1.1599267543708174        1.2862962643523315       2.972756973940401E-12
1.191189795459275         1.257403508263465        3.091023173861523E-12
1.2217149155740137        1.227767349730388        3.210601080047185E-12
1.251502114715033         1.1973877887531006       3.3317136723796035E-12
1.2805513928823338        1.166264825331603        3.4545788310380777E-12
1.308862750075915         1.1343984594658947       3.579408700231213E-12
1.336436186295777         1.1017886911559762       3.77941217028614E-12
1.3671836937842503        1.063312517464833        3.890797726656991E-12
1.3967106018948772        1.0242121361996157       3.931051830229917E-12
1.425016910627658         0.9844875473603255       3.9733689494429325E-12
1.4521026199825928        0.9441387509469619       4.017933310392685E-12
1.4779677299596812        0.9031657469595246       4.064921348926333E-12
1.502612240558923         0.861568535398014        4.114501127055958E-12
1.5260361517803194        0.8193471162624298       4.166831808985972E-12
